Days,Mag,error
2452072.60813,15.651,0.008
2452072.61948,15.645999999999999,0.008
2452072.6280799997,15.642999999999999,0.008
2452072.63669,15.65,0.008
2452072.6521400004,15.658,0.008
2452072.66075,15.654000000000002,0.008
2452072.6694,15.651,0.008
2452072.67807,15.65,0.008
2452072.6867,15.645,0.008
2452072.69536,15.655999999999999,0.008
2452072.70463,15.649000000000001,0.008
2452072.72545,15.652000000000001,0.008
2452072.73409,15.649000000000001,0.008
2452072.7427,15.645,0.008
2452072.7513099997,15.65,0.008
2452072.75992,15.648,0.008
2452072.76854,15.651,0.008
2452072.77757,15.652999999999999,0.008
2452072.7861900004,15.647,0.008
2452072.79478,15.652000000000001,0.008
2452072.8034099997,15.651,0.008
2452072.81204,15.663,0.008
2452072.82065,15.664000000000001,0.008
2452072.83019,15.66,0.008
2452072.8390900004,15.662,0.008
2452072.8481799997,15.649000000000001,0.008
2452072.8590599997,15.649000000000001,0.008
2452072.8676400003,15.652999999999999,0.008
2452072.87625,15.655,0.008
2452072.89043,15.644,0.01
2452072.89901,15.652999999999999,0.01
2452072.90758,15.654000000000002,0.008
2452073.57944,15.65,0.008
2452073.5948099997,15.654000000000002,0.008
2452073.60345,15.635,0.008
2452073.61203,15.652000000000001,0.006999999999999999
2452073.62065,15.637,0.006999999999999999
2452073.62927,15.645,0.008
2452073.63788,15.636,0.006999999999999999
2452073.6466599996,15.65,0.006999999999999999
2452073.65531,15.668,0.006999999999999999
2452073.66392,15.659,0.006999999999999999
2452073.67476,15.66,0.006999999999999999
2452073.68338,15.652000000000001,0.006999999999999999
2452073.69205,15.651,0.008
2452073.70065,15.648,0.006999999999999999
2452073.70929,15.64,0.006999999999999999
2452073.71793,15.645,0.006999999999999999
2452073.72741,15.652999999999999,0.006999999999999999
2452073.73599,15.645999999999999,0.008
2452073.74457,15.654000000000002,0.006999999999999999
2452073.75315,15.65,0.006999999999999999
2452073.7617599997,15.644,0.006999999999999999
2452073.77035,15.65,0.006999999999999999
2452073.78361,15.654000000000002,0.006999999999999999
2452073.82208,15.645999999999999,0.008
2452073.8310599998,15.663,0.01
2452073.84627,15.665999999999999,0.008
2452073.85487,15.662,0.006999999999999999
2452073.86348,15.654000000000002,0.008
2452073.87206,15.655,0.008
2452073.88066,15.652000000000001,0.008
2452073.89417,15.667,0.008
2452073.9027299997,15.677999999999999,0.008
2452073.91133,15.673,0.008
2452074.5734099997,15.635,0.008
2452074.5820400002,15.645999999999999,0.008
2452074.5906700003,15.651,0.008
2452074.5992900003,15.655999999999999,0.008
2452074.6079,15.633,0.008
2452074.61656,15.655999999999999,0.008
2452074.62566,15.651,0.008
2452074.6342700003,15.652000000000001,0.008
2452074.6428900003,15.648,0.01
2452074.65149,15.654000000000002,0.008
2452074.66011,15.647,0.008
2452074.6776,15.66,0.008
2452074.69996,15.648,0.008
2452074.70863,15.652000000000001,0.008
2452074.71724,15.645,0.008
2452074.72848,15.642000000000001,0.006999999999999999
2452074.7370700003,15.645999999999999,0.008
2452074.76083,15.652999999999999,0.008
2452074.76943,15.655999999999999,0.008
2452074.78664,15.642000000000001,0.008
2452074.7965,15.645,0.008
2452074.8051,15.652999999999999,0.008
2452074.8139400003,15.647,0.008
2452074.82256,15.644,0.008
2452074.83117,15.64,0.006999999999999999
2452074.83978,15.642000000000001,0.008
2452074.8484,15.645,0.006999999999999999
2452074.8569900002,15.652000000000001,0.006999999999999999
2452074.86605,15.658,0.006999999999999999
2452074.8746,15.665,0.008
2452074.88319,15.66,0.008
2452074.89183,15.652999999999999,0.008
2452074.9004599997,15.652999999999999,0.008
2452074.90905,15.647,0.008
2452075.6082,15.652000000000001,0.008
2452075.6168,15.668,0.008
2452075.62539,15.659,0.008
2452075.63403,15.645,0.008
2452075.64264,15.657,0.008
2452075.67087,15.66,0.01
2452075.67947,15.642999999999999,0.008
2452075.68807,15.655,0.008
2452075.69674,15.652999999999999,0.008
2452075.7053400003,15.64,0.008
2452075.7143599996,15.652000000000001,0.008
2452075.7236,15.665,0.008
2452075.7322,15.645999999999999,0.008
2452075.7408,15.65,0.008
2452075.7676,15.655,0.008
2452075.77619,15.659,0.01
2452075.7847700003,15.652999999999999,0.008
2452075.79365,15.645,0.008
2452075.80226,15.652999999999999,0.008
2452075.8108599996,15.664000000000001,0.008
2452075.81946,15.652999999999999,0.008
2452075.82805,15.649000000000001,0.008
2452075.8407,15.652000000000001,0.008
2452075.8492900003,15.658,0.008
2452075.8579,15.654000000000002,0.008
2452075.8665,15.655999999999999,0.008
2452075.8751,15.664000000000001,0.01
2452075.88364,15.655999999999999,0.01
2452075.89256,15.665999999999999,0.01
2452076.68671,15.664000000000001,0.008
2452076.69532,15.657,0.008
2452076.70396,15.655999999999999,0.008
2452076.71257,15.652000000000001,0.01
2452076.72734,15.664000000000001,0.01
2452076.73613,15.668,0.008
2452076.74494,15.642000000000001,0.01
2452076.75368,15.654000000000002,0.01
2452076.76245,15.655,0.008
2452076.77125,15.645,0.008
2452076.78711,15.673,0.008
2452076.79852,15.662,0.008
2452076.8112,15.66,0.01
2452076.8237,15.668,0.01
2452076.83245,15.663,0.008
2452076.84118,15.659,0.008
2452076.84991,15.665999999999999,0.01
2452076.85866,15.66,0.008
2452076.86741,15.665999999999999,0.01
2452076.87671,15.658,0.008
2452076.88543,15.669,0.008
2452077.58337,15.661,0.01
2452077.60399,15.663,0.01
2452077.61467,15.652999999999999,0.008
2452077.6255900003,15.652999999999999,0.008
2452077.6343400003,15.647,0.008
2452077.64726,15.658,0.006999999999999999
2452077.65601,15.658,0.006999999999999999
2452077.66475,15.652000000000001,0.006999999999999999
2452077.6735,15.648,0.006999999999999999
2452077.68568,15.658,0.006999999999999999
2452077.69444,15.647,0.006999999999999999
2452077.70322,15.652999999999999,0.006999999999999999
2452077.71199,15.655999999999999,0.008
2452077.72072,15.645,0.008
2452077.72947,15.663,0.008
2452077.73923,15.655999999999999,0.008
2452077.7480200003,15.659,0.008
2452077.7568099997,15.654000000000002,0.008
2452077.76558,15.652000000000001,0.008
2452077.77432,15.659,0.008
2452077.78643,15.65,0.008
2452077.79519,15.664000000000001,0.008
2452077.8039,15.657,0.008
2452077.81269,15.655,0.006999999999999999
2452077.82145,15.651,0.008
2452077.8302,15.645999999999999,0.008
2452077.8393200003,15.661,0.01
2452077.84805,15.652999999999999,0.008
2452077.85681,15.665999999999999,0.01
2452077.86557,15.659,0.008
2452077.87425,15.664000000000001,0.008
2452077.8829900003,15.661,0.01
2452077.89198,15.66,0.008
2452077.9007099997,15.675,0.01
2452078.58929,15.661,0.008
2452078.598,15.665,0.008
2452078.60677,15.665,0.008
2452078.61552,15.652000000000001,0.008
2452078.62429,15.667,0.008
2452078.63305,15.655,0.008
2452078.65343,15.655,0.006999999999999999
2452078.66218,15.663,0.006999999999999999
2452078.67094,15.655,0.006999999999999999
2452078.67968,15.671,0.008
2452078.68846,15.669,0.008
2452078.69721,15.655,0.008
2452078.70686,15.657,0.008
2452078.71577,15.682,0.008
2452078.72452,15.682,0.006999999999999999
2452078.73325,15.693,0.008
2452078.742,15.699000000000002,0.008
2452078.75075,15.699000000000002,0.008
2452078.76379,15.709000000000001,0.008
2452078.78265,15.707,0.008
2452078.79142,15.687999999999999,0.008
2452078.80018,15.674000000000001,0.008
2452078.8089099997,15.672,0.008
2452078.8349599997,15.668,0.008
2452078.84375,15.671,0.01
2452078.85248,15.665,0.008
2452078.86202,15.673,0.01
2452078.87072,15.679,0.01
2452078.87947,15.675999999999998,0.01
2452078.88825,15.664000000000001,0.011000000000000001
2452079.6193,15.66,0.008
2452079.62802,15.654000000000002,0.008
2452079.6368299997,15.663,0.008
2452079.64558,15.657,0.008
2452079.6543099997,15.654000000000002,0.008
2452079.66308,15.648,0.008
2452079.67289,15.644,0.008
2452079.68164,15.65,0.008
2452079.6904,15.63,0.008
2452079.69911,15.66,0.008
2452079.7078299997,15.659,0.008
2452079.71661,15.659,0.008
2452079.7307,15.652999999999999,0.008
2452079.73949,15.66,0.008
2452079.74824,15.652000000000001,0.008
2452079.75696,15.654000000000002,0.008
2452079.7657,15.647,0.008
2452079.7744299998,15.66,0.008
2452079.79311,15.652999999999999,0.008
2452079.80185,15.661,0.008
2452079.81061,15.663,0.008
2452079.82108,15.655,0.01
2452080.55266,15.648,0.006999999999999999
2452080.5671099997,15.654000000000002,0.006999999999999999
2452080.57583,15.642999999999999,0.006999999999999999
2452080.58455,15.644,0.006999999999999999
2452080.59328,15.648,0.006999999999999999
2452080.60202,15.647,0.006999999999999999
2452080.6107400004,15.665999999999999,0.008
2452080.62544,15.655,0.008
2452080.63422,15.658,0.008
2452080.64297,15.655,0.008
2452080.65177,15.644,0.008
2452080.66048,15.654000000000002,0.008
2452080.67514,15.652999999999999,0.008
2452080.69678,15.66,0.008
2452080.70554,15.637,0.008
2452080.71428,15.65,0.008
2452080.74805,15.647,0.006999999999999999
2452080.76051,15.659,0.006999999999999999
2452080.77481,15.661,0.008
2452080.8002,15.655,0.008
2452080.81055,15.66,0.008
2452080.8193200002,15.668,0.008
2452080.8280700003,15.668,0.008
2452080.83678,15.657,0.008
2452080.84552,15.663,0.008
2452080.8543,15.682,0.01
2452081.5662700003,15.648,0.006999999999999999
2452081.5761599997,15.645,0.008
2452081.5849,15.652000000000001,0.008
2452081.59555,15.648,0.006999999999999999
2452081.61509,15.65,0.008
2452081.65783,15.657,0.008
2452081.69927,15.652999999999999,0.008
2452081.70808,15.644,0.008
2452081.71687,15.657,0.008
2452081.7343900003,15.657,0.008
2452081.7431400004,15.655,0.008
2452081.75394,15.651,0.008
2452081.76271,15.652999999999999,0.008
2452081.77148,15.664000000000001,0.008
2452081.78026,15.665999999999999,0.008
2452081.79834,15.668,0.008
2452081.8070799997,15.66,0.006999999999999999
2452081.8158299997,15.664000000000001,0.008
2452081.82786,15.642000000000001,0.006999999999999999
2452081.83658,15.675,0.008
2452081.86137,15.661,0.006999999999999999
2452081.8766799998,15.679,0.008
2452082.64861,15.659,0.008
2452082.68219,15.657,0.008
2452082.69294,15.65,0.008
2452082.7023099996,15.649000000000001,0.008
2452082.71108,15.662,0.008
2452082.72356,15.667,0.008
2452082.73527,15.658,0.008
2452082.74402,15.658,0.008
2452082.75275,15.662,0.008
2452082.76382,15.649000000000001,0.008
2452082.78055,15.645999999999999,0.008
2452082.7893,15.665,0.008
2452082.79806,15.663,0.008
2452082.80677,15.652000000000001,0.008
2452082.81553,15.667,0.008
2452082.82428,15.654000000000002,0.008
2452082.8368,15.664000000000001,0.008
2452082.84556,15.659,0.008
2452082.85433,15.662,0.008
2452082.86309,15.663,0.008
2452082.87185,15.654000000000002,0.008
2452082.88062,15.661,0.008
2452085.62793,15.657,0.008
2452085.63649,15.648,0.008
2452085.64506,15.65,0.008
2452085.6537099998,15.658,0.008
2452085.6623299997,15.649000000000001,0.008
2452085.67091,15.655,0.008
2452085.68217,15.649000000000001,0.01
2452085.69075,15.654000000000002,0.01
2452085.69931,15.65,0.01
2452085.70792,15.647,0.008
2452085.71663,15.65,0.01
2452085.7252700003,15.657,0.01
2452085.73505,15.654000000000002,0.01
2452085.74364,15.662,0.01
2452085.75587,15.651,0.01
2452085.76598,15.645999999999999,0.01
2452085.78189,15.665,0.01
2452085.79206,15.665,0.008
2452085.80064,15.654000000000002,0.01
2452085.82309,15.665999999999999,0.01
2452085.83168,15.652999999999999,0.01
2452085.84027,15.674000000000001,0.01
2452085.84886,15.67,0.01
2452085.85747,15.661,0.01
2452086.55194,15.65,0.008
2452086.56053,15.645,0.008
2452086.5691400003,15.644,0.008
2452086.58887,15.651,0.008
2452086.5975,15.648,0.008
2452086.6061,15.647,0.008
2452086.62541,15.658,0.006999999999999999
2452086.63403,15.648,0.008
2452086.64261,15.652999999999999,0.006999999999999999
2452086.65121,15.655,0.008
2452086.6598,15.652999999999999,0.008
2452086.66842,15.663,0.008
2452086.68017,15.651,0.006999999999999999
2452086.68873,15.659,0.006999999999999999
2452086.69729,15.655999999999999,0.008
2452086.7059,15.664000000000001,0.008
2452086.71455,15.67,0.008
2452086.72797,15.689,0.008
2452086.7366400003,15.690999999999999,0.008
2452086.7452700003,15.705,0.008
2452086.75386,15.698,0.008
2452086.76246,15.706,0.008
2452086.77577,15.697000000000001,0.008
2452086.78437,15.69,0.008
2452086.7930099997,15.689,0.008
2452086.80541,15.677999999999999,0.008
2452086.81399,15.675999999999998,0.008
2452086.82259,15.66,0.008
2452086.8350400003,15.675999999999998,0.01
2452086.84367,15.668,0.01
2452086.8522799998,15.673,0.01
2452086.86091,15.677999999999999,0.01
2452087.5575200003,15.638,0.006999999999999999
2452087.59914,15.651,0.006999999999999999
2452087.60787,15.66,0.006999999999999999
2452087.6166,15.645,0.006999999999999999
2452087.62535,15.649000000000001,0.006999999999999999
2452087.6340900003,15.642999999999999,0.006999999999999999
2452087.6428400003,15.651,0.006999999999999999
2452087.6518,15.638,0.006999999999999999
2452087.6605599998,15.644,0.006999999999999999
2452087.67263,15.645,0.006999999999999999
2452087.68138,15.649000000000001,0.006999999999999999
2452087.6907599997,15.658,0.006999999999999999
2452087.70821,15.654000000000002,0.008
2452087.71697,15.65,0.006999999999999999
2452087.72575,15.652000000000001,0.006999999999999999
2452087.73454,15.652000000000001,0.006999999999999999
2452087.74334,15.655999999999999,0.006999999999999999
2452087.75209,15.667,0.006999999999999999
2452087.7625599997,15.677,0.006999999999999999
2452087.7713099997,15.655999999999999,0.006999999999999999
2452087.78006,15.652999999999999,0.006
2452087.78881,15.665,0.006999999999999999
2452087.79755,15.655,0.006999999999999999
2452087.8063,15.67,0.006999999999999999
2452087.81553,15.647,0.006999999999999999
2452087.8242900004,15.657,0.006999999999999999
2452087.833,15.675,0.006999999999999999
2452087.8417599997,15.662,0.008
2452087.85055,15.663,0.006999999999999999
2452087.85925,15.669,0.008
2452088.5548900003,15.659,0.008
2452088.56685,15.667,0.008
2452088.57556,15.661,0.008
2452088.58433,15.651,0.008
2452088.59312,15.647,0.008
2452088.60207,15.654000000000002,0.008
2452088.61082,15.66,0.008
2452088.61961,15.652000000000001,0.008
2452088.62839,15.655,0.008
